# XDI/1.0 Hephaestus/0.9.26
# Element.edge:                  K
# Element.symbol:                Cu
# Column.1:                      energy eV
# Column.2:                      xmu
# Column.3:                      bkg
# Column.4:                      pre_edge
# Column.5:                      post_edge
# Column.6:                      der
# Column.7:                      sec
# Column.8:                      i0
# Column.9:                      chi(e)
# Athena.e0:                     8977.97
# Athena.eshift:                 0
# Athena.rbkg:                   1
# Athena.importance:             1
# Athena.standard:               None
# Athena.bkg_kweight:            2
# Athena.edge_step:              1.5112261
# Athena.fixed_step:             no
# Athena.pre_edge_range:         -150.000 -30.000
# Athena.pre_edge_line:          4.168335 - 0.000381749 * E
# Athena.normalization_range:    100.000 1000.000
# Athena.post_edge_polynomial:   31.859671 - 0.00560643 * E + 2.57144883e-007 * E^2 + 0 * E^3
# Athena.spline_range_energy:    0.000 1234.435
# Athena.clamps:                 0 24
# Athena.spline_range_k:         0.000 18.000
# Athena.kweight:                1
# Athena.window:                 hanning
# Athena.phase_correction:       no
# Athena.k_range:                3.000 17.000
# Athena.dk:                     1
# Athena.r_range:                1 3
# Athena.dr:                     0.0
# Athena.window:                 hanning
# Athena.plot_multiplier:        1
# Athena.y_offset:               0
# ///
#------------------------
#   e         xmu        bkg        pre_edge        post_edge        der        sec        i0        chie
  8774.1040       0.83825238       0.83825238       0.81882703        2.4645686      -0.18969136E-02   0.72955618E-04    330343.00        0.0000000
  8784.1300       0.81923392       0.81923392       0.81499961        2.4536260      -0.11654605E-02   0.72936723E-04    323666.00        0.0000000
  8794.1380       0.81490354       0.81490354       0.81117907        2.4427547      -0.43569926E-03   0.35799558E-04    321906.00        0.0000000
  8804.1680       0.81050338       0.81050338       0.80735012        2.4319111      -0.44810900E-03  -0.12596975E-05    319728.00        0.0000000
  8814.1820       0.80592165       0.80592165       0.80352729        2.4211365      -0.46094864E-03  -0.20959187E-07    317259.00        0.0000000
  8824.2170       0.80126182       0.80126182       0.79969643        2.4103909      -0.44852921E-03   0.20105766E-05    309255.00        0.0000000
  8834.2340       0.79692774       0.79692774       0.79587245        2.3997164      -0.42063256E-03   0.10019528E-05    315652.00        0.0000000
  8844.2330       0.79284244       0.79284244       0.79205534        2.3891124      -0.42847413E-03  -0.11827883E-05    314754.00        0.0000000
  8854.2560       0.78834883       0.78834883       0.78822906        2.3785346      -0.44431435E-03   0.15186021E-06    313257.00        0.0000000
  8864.2590       0.78394460       0.78394460       0.78441043        2.3680295      -0.42543297E-03   0.19063089E-05    312141.00        0.0000000
  8874.2860       0.77982741       0.77982741       0.78058263        2.3575507      -0.40613098E-03   0.96163624E-06    310985.00        0.0000000
  8884.3360       0.77579071       0.77579071       0.77674605        2.3470999      -0.40612620E-03  -0.36355063E-06    309856.00        0.0000000
  8894.3230       0.77168986       0.77168986       0.77293352        2.3367659      -0.41341544E-03   0.29141281E-06    305875.00        0.0000000
  8904.3770       0.76750545       0.76750545       0.76909541        2.3264145      -0.40028600E-03   0.25699474E-05    307978.00        0.0000000
  8914.3680       0.76366612       0.76366612       0.76528135        2.3161795      -0.36190085E-03   0.28377020E-05    305405.00        0.0000000
  8924.4260       0.76024970       0.76024970       0.76144172        2.3059276      -0.34339291E-03   0.19007295E-05    305852.00        0.0000000
  8934.4210       0.75678007       0.75678007       0.75762613        2.2957915      -0.32378552E-03   0.29554085E-04    304620.00        0.0000000
  8934.8940       0.75686031       0.75686031       0.75744557        2.2953131      -0.34020756E-04   0.25607373E-03    304378.00        0.0000000
  8935.3660       0.75674792       0.75674792       0.75726538        2.2948358      -0.81795847E-04  -0.33045193E-03    304120.00        0.0000000
  8935.8820       0.75677950       0.75677950       0.75706840        2.2943142      -0.36050726E-03  -0.57651173E-03    304136.00        0.0000000
  8936.3540       0.75639173       0.75639173       0.75688821        2.2938372      -0.65138943E-03   0.98836551E-04    303984.00        0.0000000
  8936.8260       0.75616459       0.75616459       0.75670803        2.2933602      -0.26720556E-03   0.93519184E-03    303932.00        0.0000000
  8937.2990       0.75613922       0.75613922       0.75652746        2.2928824       0.23236686E-03   0.11425859E-03    303854.00        0.0000000
  8937.8580       0.75640439       0.75640439       0.75631406        2.2923179      -0.14929069E-03  -0.97052863E-03    303713.00        0.0000000
  8938.2880       0.75599158       0.75599158       0.75614991        2.2918837      -0.72748596E-03  -0.32144439E-03    303577.00        0.0000000
  8938.7610       0.75574747       0.75574747       0.75596934        2.2914063      -0.43955497E-03   0.50397924E-03    303488.00        0.0000000
  8939.2330       0.75557620       0.75557620       0.75578916        2.2909299      -0.25122558E-03   0.11358542E-03    303353.00        0.0000000
  8939.7920       0.75548846       0.75548846       0.75557576        2.2903659      -0.32244840E-03   0.94051713E-04    302956.00        0.0000000
  8940.2660       0.75524311       0.75524311       0.75539481        2.2898878      -0.15407016E-03   0.20882064E-03    302505.00        0.0000000
  8940.6960       0.75534918       0.75534918       0.75523066        2.2894542      -0.13367455E-03  -0.34569168E-03    302005.00        0.0000000
  8941.1690       0.75512240       0.75512240       0.75505009        2.2889773      -0.46622974E-03  -0.21750457E-03    300996.00        0.0000000
  8941.7280       0.75486803       0.75486803       0.75483669        2.2884139      -0.35813926E-03   0.42156795E-03    299258.00        0.0000000
  8942.2010       0.75475280       0.75475280       0.75465612        2.2879373      -0.31171623E-04   0.15025104E-03    299332.00        0.0000000
  8942.6750       0.75483851       0.75483851       0.75447517        2.2874597      -0.21585153E-03  -0.33716810E-03    300383.00        0.0000000
  8943.1470       0.75454860       0.75454860       0.75429499        2.2869844      -0.35013265E-03   0.13545458E-03    301674.00        0.0000000
  8943.6210       0.75450728       0.75450728       0.75411404        2.2865071      -0.87711498E-04   0.11578990E-03    303484.00        0.0000000
  8944.0950       0.75446545       0.75446545       0.75393309        2.2860299      -0.24036382E-03  -0.95671982E-04    303752.00        0.0000000
  8944.5680       0.75427966       0.75427966       0.75375252        2.2855538      -0.17831287E-03  -0.11376667E-03    303804.00        0.0000000
  8945.0420       0.75429659       0.75429659       0.75357157        2.2850769      -0.34810085E-03  -0.18152168E-03    303773.00        0.0000000
  8945.5160       0.75394966       0.75394966       0.75339062        2.2846001      -0.35039542E-03   0.33106123E-03    303640.00        0.0000000
  8946.0320       0.75394970       0.75394970       0.75319364        2.2840811      -0.20350232E-04   0.15188016E-03    303572.00        0.0000000
  8946.5060       0.75392951       0.75392951       0.75301269        2.2836045      -0.20003406E-03  -0.21125287E-04    303585.00        0.0000000
  8946.9790       0.75376027       0.75376027       0.75283213        2.2831291      -0.40355879E-04   0.80319398E-04    303438.00        0.0000000
  8947.4530       0.75389130       0.75389130       0.75265118        2.2826527      -0.12397159E-03  -0.14771397E-03    303380.00        0.0000000
  8947.9700       0.75363741       0.75363741       0.75245381        2.2821333      -0.18674042E-03   0.25365777E-03    303201.00        0.0000000
  8948.4440       0.75370624       0.75370624       0.75227286        2.2816572       0.12740326E-03   0.29197603E-03    303122.00        0.0000000
  8948.9180       0.75375819       0.75375819       0.75209191        2.2811812       0.90052853E-04  -0.26666831E-03    303040.00        0.0000000
  8949.3920       0.75379161       0.75379161       0.75191096        2.2807053      -0.12539829E-03  -0.51068339E-03    302963.00        0.0000000
  8949.8660       0.75363931       0.75363931       0.75173002        2.2802295      -0.39407500E-03  -0.20029150E-03    302834.00        0.0000000
  8950.3830       0.75340108       0.75340108       0.75153265        2.2797107      -0.32388717E-03   0.36408136E-03    302730.00        0.0000000
  8950.8570       0.75331834       0.75331834       0.75135170        2.2792352      -0.33270373E-04   0.22980809E-03    302603.00        0.0000000
  8951.3320       0.75336951       0.75336951       0.75117037        2.2787588      -0.10579929E-03  -0.23413530E-03    302576.00        0.0000000
  8951.8060       0.75321794       0.75321794       0.75098942        2.2782835      -0.25546478E-03   0.38770891E-03    302562.00        0.0000000
  8952.2800       0.75312732       0.75312732       0.75080847        2.2778083       0.26174876E-03   0.33190682E-03    302473.00        0.0000000
  8952.7980       0.75347759       0.75347759       0.75061073        2.2772892       0.73786789E-04  -0.29393344E-03    302460.00        0.0000000
  8953.2720       0.75320052       0.75320052       0.75042978        2.2768143      -0.29833218E-04   0.12635828E-04    302304.00        0.0000000
  8953.7470       0.75344928       0.75344928       0.75024845        2.2763384       0.85778190E-04  -0.22322418E-03    302256.00        0.0000000
  8954.2220       0.75328201       0.75328201       0.75006712        2.2758627      -0.24189619E-03  -0.14163496E-03    302095.00        0.0000000
  8954.7380       0.75320956       0.75320956       0.74987013        2.2753461      -0.54582058E-04   0.38965183E-03    302054.00        0.0000000
  8955.2130       0.75322792       0.75322792       0.74968880        2.2748706       0.14424877E-03   0.42054059E-03    301913.00        0.0000000
  8955.6880       0.75334660       0.75334660       0.74950747        2.2743953       0.34493150E-03  -0.85494393E-04    301849.00        0.0000000
  8956.1630       0.75355560       0.75355560       0.74932614        2.2739201       0.63029100E-04  -0.25635599E-03    301774.00        0.0000000
  8956.6380       0.75340648       0.75340648       0.74914481        2.2734449       0.10139331E-03  -0.25367535E-04    301729.00        0.0000000
  8957.1550       0.75365619       0.75365619       0.74894744        2.2729279       0.37864505E-04  -0.89415533E-04    301628.00        0.0000000
  8957.6310       0.75344407       0.75344407       0.74876573        2.2724521       0.12603690E-04   0.24241113E-03    301649.00        0.0000000
  8958.1050       0.75366816       0.75366816       0.74858478        2.2719783       0.26815508E-03  -0.14241913E-04    301502.00        0.0000000
  8958.5810       0.75369882       0.75369882       0.74840307        2.2715027      -0.92612771E-06   0.67942287E-04    301439.00        0.0000000
  8959.0560       0.75366728       0.75366728       0.74822174        2.2710281       0.33276819E-03   0.41757638E-03    301353.00        0.0000000
  8959.5310       0.75401495       0.75401495       0.74804041        2.2705537       0.39577144E-03   0.33647941E-04    301292.00        0.0000000
  8960.0490       0.75406028       0.75406028       0.74784266        2.2700365       0.36618060E-03   0.26603054E-03    301193.00        0.0000000
  8960.5240       0.75437857       0.75437857       0.74766133        2.2695624       0.65993977E-03   0.65649194E-03    301072.00        0.0000000
  8961.0000       0.75468788       0.75468788       0.74747962        2.2690873       0.99050443E-03  -0.37583656E-03    301012.00        0.0000000
  8961.4750       0.75532054       0.75532054       0.74729829        2.2686134       0.30251920E-03  -0.10596718E-02    300962.00        0.0000000
  8961.9500       0.75497528       0.75497528       0.74711696        2.2681396      -0.16183762E-04   0.12964544E-03    300873.00        0.0000000
  8962.4690       0.75530445       0.75530445       0.74691883        2.2676220       0.43138677E-03   0.49222177E-03    300772.00        0.0000000
  8962.9440       0.75540407       0.75540407       0.74673750        2.2671484       0.47308468E-03   0.31615032E-03    300670.00        0.0000000
  8963.4200       0.75575436       0.75575436       0.74655579        2.2666739       0.73204572E-03   0.59564587E-03    300605.00        0.0000000
  8963.8960       0.75610098       0.75610098       0.74637407        2.2661996       0.10401395E-02   0.46526196E-03    300509.00        0.0000000
  8964.3710       0.75674353       0.75674353       0.74619274        2.2657264       0.11745098E-02  -0.25576038E-03    300440.00        0.0000000
  8964.8900       0.75726845       0.75726845       0.74599461        2.2652095       0.78591373E-03  -0.51689787E-04    300312.00        0.0000000
  8965.3650       0.75752473       0.75752473       0.74581328        2.2647365       0.11231302E-02   0.29651147E-03    300229.00        0.0000000
  8965.8420       0.75833766       0.75833766       0.74563119        2.2642616       0.10681926E-02  -0.14632700E-03    300217.00        0.0000000
  8966.3170       0.75854165       0.75854165       0.74544986        2.2637889       0.98382689E-03   0.50422617E-03    300148.00        0.0000000
  8966.7930       0.75927328       0.75927328       0.74526814        2.2633152       0.15477117E-02   0.11151001E-02    300107.00        0.0000000
  8967.2700       0.76001662       0.76001662       0.74508605        2.2628407       0.20465173E-02   0.75974768E-03    300003.00        0.0000000
  8967.7880       0.76130957       0.76130957       0.74488830        2.2623256       0.23036607E-02  -0.52179011E-03    299873.00        0.0000000
  8968.2650       0.76230876       0.76230876       0.74470621        2.2618513       0.15273362E-02  -0.33560042E-03    299787.00        0.0000000
  8968.7410       0.76276512       0.76276512       0.74452450        2.2613782       0.19838335E-02   0.16198789E-02    299718.00        0.0000000
  8969.2170       0.76419737       0.76419737       0.74434278        2.2609051       0.30694609E-02   0.11363457E-02    299658.00        0.0000000
  8969.6930       0.76568725       0.76568725       0.74416107        2.2604322       0.30656346E-02   0.15532827E-03    299479.00        0.0000000
  8970.1700       0.76711892       0.76711892       0.74397898        2.2599584       0.32174887E-02   0.17079939E-02    299234.00        0.0000000
  8970.6880       0.76888865       0.76888865       0.74378123        2.2594440       0.47650885E-02   0.17314246E-02    299037.00        0.0000000
  8971.1650       0.77186018       0.77186018       0.74359914        2.2589705       0.49402562E-02   0.10473795E-04    298739.00        0.0000000
  8971.6420       0.77360165       0.77360165       0.74341704        2.2584970       0.47750805E-02   0.13279894E-02    298371.00        0.0000000
  8972.1180       0.77641083       0.77641083       0.74323533        2.2580247       0.62058301E-02   0.38293119E-02    297804.00        0.0000000
  8972.5950       0.77951581       0.77951581       0.74305324        2.2575515       0.84244147E-02   0.50655486E-02    296783.00        0.0000000
  8973.0710       0.78443930       0.78443930       0.74287152        2.2570794       0.11033298E-01   0.40560054E-02    294972.00        0.0000000
  8973.5920       0.79051601       0.79051601       0.74267263        2.2565628       0.12468252E-01   0.61263027E-02    293796.00        0.0000000
  8974.0680       0.79687015       0.79687015       0.74249092        2.2560910       0.17141222E-01   0.12852333E-01    294169.00        0.0000000
  8974.5450       0.80685159       0.80685159       0.74230882        2.2556182       0.24716525E-01   0.11171276E-01    295697.00        0.0000000
  8975.0210       0.82042499       0.82042499       0.74212711        2.2551466       0.27787448E-01   0.12355398E-01    297571.00        0.0000000
  8975.4990       0.83336082       0.83336082       0.74194464        2.2546731       0.36503575E-01   0.51996961E-01    298500.00        0.0000000
  8975.9760       0.85528591       0.85528591       0.74176254        2.2542008       0.77444545E-01   0.12018906        299011.00        0.0000000
  8976.4520       0.90716547       0.90716547       0.74158083        2.2537295       0.15104375       0.13931287        299061.00        0.0000000
  8977.0160        1.0123714        1.0123714       0.74136552        2.2531713       0.22232993       0.12372190        298949.00        0.0000000
  8977.4930        1.1386109        1.1386109       0.74118343        2.2526993       0.27983825       0.26209984E-01    298807.00        0.0000000
  8977.9700        1.2793371       0.90645323       0.74100133        2.2522274       0.24733426      -0.13241052        298618.00       0.24674261
  8978.4040        1.3639324        1.1542795       0.74083565        2.2517981       0.15921227      -0.17448164        298490.00       0.13873037
  8978.8810        1.4243795        1.2240360       0.74065356        2.2513265       0.88381487E-01  -0.13375894        298349.00       0.13257012
  8979.3580        1.4482484        1.2903449       0.74047147        2.2508549       0.31606241E-01  -0.10247204        298266.00       0.10448700
  8979.8360        1.4545634        1.3534236       0.74028899        2.2503825      -0.94793152E-02  -0.54373913E-01    298117.00       0.66925691E-01
  8980.3990        1.4383804        1.4235151       0.74007406        2.2498263      -0.24997002E-01  -0.13011454E-01    298013.00       0.98366021E-02
  8980.8340        1.4296164        1.4746445       0.73990800        2.2493966      -0.22464747E-01   0.22110592E-01    297898.00      -0.29795743E-01
  8981.3120        1.4178701        1.5278737       0.73972553        2.2489245      -0.48100315E-02   0.48068902E-01    297821.00      -0.72790986E-01
  8981.7890        1.4250228        1.5779943       0.73954343        2.2484536       0.23441055E-01   0.48681626E-01    297751.00      -0.10122340
  8982.2670        1.4402563        1.6253057       0.73936096        2.2479818       0.41680922E-01   0.43188688E-01    297610.00      -0.12244986
  8982.7440        1.4648281        1.6696993       0.73917886        2.2475111       0.64686251E-01   0.26465411E-01    297554.00      -0.13556619
  8983.2220        1.5020317        1.7114505       0.73899639        2.2470395       0.66955389E-01  -0.76958442E-02    297390.00      -0.13857542
  8983.6990        1.5287705        1.7504737       0.73881429        2.2465690       0.57336720E-01  -0.14479473E-01    297285.00      -0.14670421
  8984.2210        1.5593111        1.7902610       0.73861502        2.2460543       0.52490395E-01   0.66930410E-02    297231.00      -0.15282287
  8984.6980        1.5812084        1.8240484       0.73843292        2.2455840       0.64023068E-01   0.16525963E-01    297118.00      -0.16069068
  8985.1770        1.6205171        1.8556004       0.73825007        2.2451119       0.68289216E-01   0.37225808E-02    297058.00      -0.15555796
  8985.6540        1.6464929        1.8847428       0.73806797        2.2446420       0.67581855E-01   0.14434988E-01    296947.00      -0.15765336
  8986.1330        1.6851254        1.9118098       0.73788511        2.2441701       0.82089065E-01   0.43397903E-01    296924.00      -0.15000036
  8986.6100        1.7249701        1.9366648       0.73770302        2.2437003       0.10907025       0.46062620E-01    296770.00      -0.14008144
  8987.0890        1.7893965        1.9596059       0.73752016        2.2432287       0.12612493       0.11610390E-01    296736.00      -0.11262997
  8987.5670        1.8456716        1.9805728       0.73733769        2.2427582       0.12018139       0.77054936E-02    296601.00      -0.89266030E-01
  8988.0890        1.9095779        2.0013770       0.73713841        2.2422445       0.13383042       0.59277366E-02    296511.00      -0.60744802E-01
  8988.5660        1.9793682        2.0185737       0.73695632        2.2417752       0.12610320      -0.34317080E-01    296403.00      -0.25942865E-01
  8989.0450        2.0301326        2.0341917       0.73677346        2.2413041       0.10102329      -0.13665505E-01    296212.00      -0.26859988E-02
  8989.5230        2.0760475        2.0482177       0.73659098        2.2408341       0.11302531       0.22555315E-01    296193.00       0.18415383E-01
  8990.0020        2.1382978        2.0608003       0.73640813        2.2403632       0.12260873      -0.12057385E-01    296058.00       0.51281227E-01
  8990.4800        2.1933841        2.0719767       0.73622565        2.2398934       0.10148640      -0.44484309E-01    296005.00       0.80337008E-01
  8990.9590        2.2354203        2.0818836       0.73604279        2.2394227       0.80037248E-01  -0.58510556E-01    295847.00       0.10159743
  8991.4380        2.2700597        2.0905864       0.73585993        2.2389522       0.45433284E-01  -0.69615870E-01    295704.00       0.11876008
  8992.0030        2.2828526        2.0994267       0.73564425        2.2383973       0.73582799E-02  -0.59543697E-01    295658.00       0.12137558
  8992.4810        2.2777344        2.1058050       0.73546177        2.2379280      -0.16670793E-01  -0.43805363E-01    295485.00       0.11376818
  8992.9170        2.2676155        2.1108235       0.73529533        2.2375000      -0.32679822E-01  -0.31084184E-01    295407.00       0.10375151
  8993.3960        2.2478324        2.1155414       0.73511247        2.2370300      -0.45112821E-01  -0.18692932E-01    295348.00       0.87538827E-01
  8993.8750        2.2243974        2.1195137       0.73492961        2.2365600      -0.50587651E-01  -0.28459048E-02    295184.00       0.69403071E-01
  8994.3540        2.1993694        2.1228305       0.73474675        2.2360902      -0.47839198E-01   0.18467032E-02    294977.00       0.50646874E-01
  8994.8330        2.1785675        2.1255820       0.73456389        2.2356205      -0.48818510E-01   0.50209052E-02    294814.00       0.35061250E-01
  8995.3120        2.1526013        2.1278583       0.73438104        2.2351509      -0.43029171E-01   0.23640616E-01    294255.00       0.16372797E-01
  8995.7910        2.1373455        2.1297495       0.73419818        2.2346814      -0.26170799E-01   0.27160565E-01    293835.00       0.50264383E-02
  8996.2700        2.1275297        2.1313457       0.73401532        2.2342121      -0.17009349E-01   0.21543889E-01    293609.00      -0.25251181E-02
  8996.7920        2.1203192        2.1328550       0.73381605        2.2337007      -0.46053664E-02   0.28710767E-01    293483.00      -0.82951383E-02
  8997.2710        2.1229197        2.1341258       0.73363319        2.2332316       0.11730129E-01   0.33726739E-01    293420.00      -0.74152482E-02
  8997.7510        2.1315684        2.1353651       0.73344995        2.2327616       0.27738576E-01   0.36260684E-01    293415.00      -0.25123528E-02
  8998.2300        2.1495210        2.1365807       0.73326709        2.2322928       0.46504125E-01   0.43019822E-01    293350.00       0.85627921E-02
  8998.7100        2.1761658        2.1377777       0.73308385        2.2318230       0.68994586E-01   0.17364736E-01    293252.00       0.25401999E-01
  8999.1890        2.2156868        2.1389513       0.73290100        2.2313544       0.63156907E-01  -0.20023375E-01    293339.00       0.50776964E-01
  8999.6690        2.2367333        2.1401066       0.73271776        2.2308849       0.49792169E-01  -0.97838097E-02    293352.00       0.63939258E-01
  9000.1480        2.2634375        2.1412390       0.73253490        2.2304165       0.53774233E-01  -0.77476995E-02    293608.00       0.80860498E-01
  9000.6280        2.2883028        2.1423532       0.73235166        2.2299473       0.42362125E-01  -0.37472251E-01    293922.00       0.96576924E-01
  9001.1070        2.3040628        2.1434449       0.73216880        2.2294791       0.17838344E-01  -0.55205553E-01    293924.00       0.10628314
  9001.5870        2.3054098        2.1445187       0.73198556        2.2290101      -0.10580000E-01  -0.42344647E-01    293899.00       0.10646393
  9002.1540        2.2929855        2.1457613       0.73176911        2.2284562      -0.26496502E-01  -0.27132688E-01    293806.00       0.97420333E-01
  9002.5910        2.2788073        2.1467002       0.73160228        2.2280294      -0.37821218E-01  -0.16027942E-01    293732.00       0.87417167E-01
  9003.0700        2.2583413        2.1477105       0.73141943        2.2275617      -0.41178097E-01  -0.52980996E-02    293608.00       0.73205958E-01
  9003.5500        2.2393175        2.1487034       0.73123619        2.2270932      -0.42902096E-01  -0.11540517E-01    293576.00       0.59960635E-01
  9004.0300        2.2171552        2.1496769       0.73105295        2.2266248      -0.52256993E-01  -0.53768638E-02    293513.00       0.44651363E-01
  9004.5100        2.1891508        2.1506312       0.73086971        2.2261565      -0.48063885E-01   0.15746634E-01    293469.00       0.25488933E-01
  9004.9900        2.1710139        2.1515665       0.73068647        2.2256883      -0.37140224E-01   0.12993856E-01    293367.00       0.12868663E-01
  9005.4710        2.1534590        2.1524846       0.73050285        2.2252193      -0.35576790E-01   0.57067251E-02    293267.00       0.64476117E-03
  9005.9500        2.1368602        2.1533803       0.73031999        2.2247523      -0.31661767E-01   0.85509239E-02    293201.00      -0.10931578E-01
  9006.4310        2.1230637        2.1542610       0.73013637        2.2242835      -0.27367903E-01   0.29070607E-02    293128.00      -0.20643693E-01
  9006.9110        2.1105596        2.1551214       0.72995313        2.2238158      -0.28868082E-01  -0.24480144E-02    293026.00      -0.29487176E-01
  9007.3910        2.0953504        2.1559636       0.72976989        2.2233482      -0.29717996E-01   0.20452257E-02    292911.00      -0.40108614E-01
  9007.8710        2.0820304        2.1567875       0.72958665        2.2228807      -0.26904665E-01   0.80538403E-02    292789.00      -0.49467881E-01
  9008.4390        2.0671543        2.1577393       0.72936981        2.2223277      -0.21277572E-01   0.12664243E-01    292646.00      -0.59941419E-01
  9008.9200        2.0597102        2.1585258       0.72918619        2.2218595      -0.13619874E-01   0.14481409E-01    292413.00      -0.65387712E-01
  9009.4000        2.0540656        2.1592930       0.72900295        2.2213925      -0.73609377E-02   0.13312671E-01    292327.00      -0.69630493E-01
  9009.8380        2.0529529        2.1599778       0.72883575        2.2209663      -0.13988424E-02   0.14498810E-01    292259.00      -0.70819928E-01
  9010.3170        2.0527828        2.1607101       0.72865289        2.2205004       0.59344711E-02   0.59267281E-02    292147.00      -0.71417025E-01
  9011.4540        2.0625430        2.1623801       0.72821884        2.2193950       0.81787502E-02   0.25854653E-02    292275.00      -0.66063684E-01
  9012.5030        2.0706616        2.1638370       0.72781839        2.2183758       0.11586298E-01   0.37871247E-02    292223.00      -0.61655521E-01
  9013.6400        2.0878706        2.1653272       0.72738434        2.2172716       0.16457405E-01   0.44187602E-02    292245.00      -0.51254120E-01
  9014.7770        2.1080857        2.1667268       0.72695029        2.2161681       0.21634559E-01   0.39580516E-02    292055.00      -0.38803619E-01
  9015.9150        2.1370892        2.1680390       0.72651586        2.2150644       0.25461972E-01   0.11246211E-02    291980.00      -0.20479897E-01
  9017.0960        2.1671320        2.1693092       0.72606501        2.2139196       0.24242555E-01  -0.13137715E-03    291785.00      -0.14406867E-02
  9018.3210        2.1954168        2.1705308       0.72559737        2.2127329       0.25145879E-01   0.76722686E-03    290705.00       0.16467466E-01
  9019.5040        2.2276833        2.1716199       0.72514576        2.2115877       0.26090037E-01  -0.13914656E-02    287471.00       0.37097969E-01
  9020.7740        2.2594157        2.1726929       0.72466094        2.2103590       0.21732614E-01  -0.43887007E-02    285936.00       0.57385733E-01
  9022.0010        2.2819497        2.1736374       0.72419253        2.2091727       0.15131452E-01  -0.69902577E-02    285566.00       0.71671756E-01
  9023.2710        2.2971989        2.1745226       0.72370771        2.2079457       0.42779401E-02  -0.10206834E-01    285518.00       0.81176690E-01
  9024.5860        2.2930081        2.1753429       0.72320571        2.2066760      -0.11253215E-01  -0.10556480E-01    285255.00       0.77860738E-01
  9025.9010        2.2676030        2.1760686       0.72270371        2.2054072      -0.23485601E-01  -0.56496411E-02    284569.00       0.60569576E-01
  9027.2180        2.2311940        2.1767037       0.72220094        2.2041374      -0.26123071E-01  -0.11251979E-02    283901.00       0.36057027E-01
  9028.5780        2.1976715        2.1772666       0.72168177        2.2028271      -0.26497756E-01   0.82398675E-03    284230.00       0.13502234E-01
  9029.9380        2.1591201        2.1777385       0.72116259        2.2015177      -0.23881827E-01   0.35215123E-02    286485.00      -0.12320022E-01
  9031.3430        2.1316382        2.1781342       0.72062623        2.2001661      -0.16760775E-01   0.46512878E-02    286937.00      -0.30767031E-01
  9032.7480        2.1120224        2.1784404       0.72008987        2.1988154      -0.10811708E-01   0.44196921E-02    286719.00      -0.43949806E-01
  9034.1540        2.1012465        2.1786613       0.71955313        2.1974647      -0.43370200E-02   0.45846101E-02    284668.00      -0.51226429E-01
  9035.6040        2.0996358        2.1788033       0.71899959        2.1960729       0.22819387E-02   0.37112529E-02    283467.00      -0.52386258E-01
  9037.0990        2.1079668        2.1788632       0.71842888        2.1946390       0.65926197E-02   0.15927666E-02    287032.00      -0.46913104E-01
  9038.5940        2.1193478        2.1788397       0.71785816        2.1932063       0.70443107E-02  -0.11067625E-02    287420.00      -0.39366662E-01
  9040.0890        2.1290293        2.1787376       0.71728745        2.1917747       0.32834000E-02  -0.30456360E-02    287215.00      -0.32892650E-01
  9041.5850        2.1291684        2.1785613       0.71671635        2.1903433      -0.20651867E-02  -0.18665472E-02    286885.00      -0.32684002E-01
  9043.1260        2.1227574        2.1783073       0.71612808        2.1888700      -0.23853038E-02   0.12926090E-02    286664.00      -0.36758165E-01
  9044.7550        2.1216070        2.1779643       0.71550621        2.1873140       0.20323838E-02   0.32056550E-02    286518.00      -0.37292426E-01
  9046.2970        2.1292021        2.1775745       0.71491755        2.1858423       0.77798283E-02   0.20637944E-02    286222.00      -0.32008760E-01
  9047.8830        2.1459423        2.1771131       0.71431210        2.1843299       0.84879327E-02  -0.13561661E-02    285975.00      -0.20626168E-01
  9049.5140        2.1565077        2.1765804       0.71368946        2.1827759       0.34170420E-02  -0.26264872E-02    285703.00      -0.13282344E-01
  9051.1460        2.1570921        2.1759942       0.71306645        2.1812223      -0.82295043E-04  -0.63918326E-03    285455.00      -0.12507789E-01
  9052.7770        2.1562392        2.1753614       0.71244381        2.1796711       0.13313870E-02   0.18131752E-02    285203.00      -0.12653446E-01
  9054.4540        2.1614963        2.1746682       0.71180362        2.1780776       0.59156886E-02   0.24560531E-02    284900.00      -0.87160080E-02
  9056.1760        2.1763466        2.1739180       0.71114625        2.1764427       0.96795115E-02   0.90840044E-03    284632.00       0.16070661E-02
  9057.8980        2.1948326        2.1731321       0.71048888        2.1748094       0.90442197E-02  -0.95192036E-03    284358.00       0.14359504E-01
  9059.6220        2.2075130        2.1723104       0.70983074        2.1731758       0.63991940E-02  -0.95666336E-03    284104.00       0.23294075E-01
  9061.3460        2.2168970        2.1714545       0.70917260        2.1715436       0.57456445E-02   0.13374045E-03    283827.00       0.30069964E-01
  9063.1140        2.2275768        2.1705420       0.70849767        2.1698714       0.68662157E-02   0.93153130E-03    283581.00       0.37740758E-01
  9064.9280        2.2414918        2.1695700       0.70780518        2.1681574       0.90823896E-02   0.99127031E-03    283199.00       0.47591648E-01
  9066.7420        2.2605277        2.1685628       0.70711269        2.1664451       0.10462544E-01  -0.34105952E-03    282975.00       0.60854507E-01
  9068.5570        2.2794604        2.1675205       0.70641981        2.1647335       0.78446846E-02  -0.24146153E-02    282677.00       0.74072180E-01
  9070.4170        2.2893569        2.1664176       0.70570976        2.1629812       0.15888330E-02  -0.36555431E-02    282291.00       0.81350708E-01
  9072.2770        2.2853708        2.1652804       0.70499970        2.1612307      -0.57539356E-02  -0.42328657E-02    281974.00       0.79465572E-01
  9074.1400        2.2679350        2.1641078       0.70428850        2.1594792      -0.14170126E-01  -0.34920414E-02    281785.00       0.68703950E-01
  9076.0470        2.2319494        2.1628739       0.70356051        2.1576881      -0.18918932E-01  -0.93211078E-03    281404.00       0.45708276E-01
  9077.9980        2.1949458        2.1615773       0.70281572        2.1558577      -0.17766209E-01   0.10957037E-02    280969.00       0.22080417E-01
  9079.9060        2.1633896        2.1602768       0.70208734        2.1540695      -0.14690611E-01   0.14601336E-02    280759.00       0.20597970E-02
  9081.9040        2.1375643        2.1588817       0.70132460        2.1521989      -0.12062928E-01   0.17002186E-02    280435.00      -0.14106086E-01
  9083.8590        2.1157049        2.1574849       0.70057828        2.1503706      -0.79696467E-02   0.20256291E-02    280145.00      -0.27646422E-01
  9085.8590        2.1060443        2.1560244       0.69981478        2.1485022      -0.40515643E-02   0.39484523E-03    279826.00      -0.33072567E-01
  9087.9040        2.0993163        2.1544995       0.69903411        2.1465940      -0.63724978E-02  -0.19786681E-02    279492.00      -0.36515503E-01
  9089.9060        2.0802548        2.1529768       0.69826985        2.1447279      -0.12059234E-01  -0.18736673E-02    279235.00      -0.48121191E-01
  9091.9980        2.0499458        2.1513555       0.69747123        2.1427802      -0.14043292E-01   0.39111936E-03    278837.00      -0.67104235E-01
  9094.0460        2.0221156        2.1497396       0.69668940        2.1408756      -0.10440000E-01   0.26422425E-02    278504.00      -0.84450647E-01
  9096.1400        2.0067033        2.1480595       0.69589002        2.1389304      -0.30991233E-02   0.34623219E-02    278135.00      -0.93537398E-01
  9098.2790        2.0089970        2.1463154       0.69507346        2.1369458       0.42160088E-02   0.28141999E-02    277454.00      -0.90865591E-01
  9100.3740        2.0245539        2.1445814       0.69427369        2.1350043       0.88161990E-02   0.18339399E-02    277215.00      -0.79423936E-01
  9102.5610        2.0467480        2.1427454       0.69343881        2.1329799       0.12068939E-01   0.97328329E-03    276886.00      -0.63522906E-01
  9104.7020        2.0767883        2.1409239       0.69262148        2.1310005       0.13028569E-01  -0.23265091E-03    276649.00      -0.42439498E-01
  9106.8910        2.1031617        2.1390385       0.69178583        2.1289792       0.11061561E-01  -0.12439859E-02    276268.00      -0.23740211E-01
  9109.1240        2.1257025        2.1370926       0.69093339        2.1269198       0.75276635E-02  -0.19389782E-02    275863.00      -0.75370012E-02
  9111.3590        2.1367953        2.1351238       0.69008018        2.1248611       0.23982061E-02  -0.21171091E-02    275314.00       0.11060096E-02
  9113.5950        2.1364249        2.1331346       0.68922659        2.1228040      -0.19379311E-02  -0.11700789E-02    274128.00       0.21771919E-02
  9115.8770        2.1280397        2.1310861       0.68835543        2.1207073      -0.28882101E-02   0.62545895E-03    268698.00      -0.20158489E-02
  9118.1590        2.1232431        2.1290206       0.68748428        2.1186132       0.91666357E-03   0.27761281E-02    275060.00      -0.38230991E-02
  9120.4440        2.1322261        2.1269373       0.68661199        2.1165191       0.97903667E-02   0.40432759E-02    275636.00       0.34996620E-02
  9122.7730        2.1684158        2.1248000       0.68572289        2.1143874       0.19572338E-01   0.25400195E-02    275047.00       0.28861195E-01
  9125.1050        2.2234528        2.1226479       0.68483265        2.1122558       0.21629398E-01  -0.11063524E-02    274653.00       0.66704027E-01
  9127.5270        2.2712420        2.1204018       0.68390806        2.1100448       0.14312739E-01  -0.38547602E-02    274345.00       0.99813093E-01
  9129.8610        2.2915241        2.1182289       0.68301705        2.1079171       0.32961581E-02  -0.39632185E-02    273953.00       0.11467198
  9132.2410        2.2867801        2.1160064       0.68210849        2.1057503      -0.43698729E-02  -0.22182666E-02    273562.00       0.11300340
  9134.6680        2.2705182        2.1137351       0.68118198        2.1035437      -0.73670494E-02  -0.97444718E-03    273149.00       0.10374558
  9137.0960        2.2510131        2.1114601       0.68025510        2.1013392      -0.91008140E-02  -0.97293689E-03    272612.00       0.92344195E-01
  9139.5690        2.2259151        2.1091421       0.67931103        2.0990970      -0.12135413E-01  -0.16621824E-02    271366.00       0.77270334E-01
  9142.0450        2.1909549        2.1068228       0.67836582        2.0968552      -0.17326955E-01  -0.16948082E-02    265209.00       0.55671414E-01
  9144.5210        2.1401120        2.1045071       0.67742061        2.0946166      -0.20528103E-01  -0.80345670E-03    250906.00       0.23560245E-01
  9147.0450        2.0883144        2.1021527       0.67645707        2.0923378      -0.21344238E-01  -0.28267729E-03    270445.00      -0.91570054E-02
  9149.5690        2.0323663        2.0998067       0.67549354        2.0900623      -0.21955058E-01   0.44901499E-03    271551.00      -0.44626305E-01
  9152.1400        1.9764534        2.0974282       0.67451206        2.0877478      -0.19056507E-01   0.18577535E-02    271363.00      -0.80050819E-01
  9154.7130        1.9343396        2.0950607       0.67352982        2.0854349      -0.12398774E-01   0.31012520E-02    271015.00      -0.10635145
  9157.2860        1.9126493        2.0927057       0.67254758        2.0831254      -0.30974637E-02   0.38329963E-02    270637.00      -0.11914592
  9159.9070        1.9182514        2.0903192       0.67154701        2.0807763       0.75098087E-02   0.34895834E-02    270353.00      -0.11385972
  9162.5290        1.9520232        2.0879438       0.67054607        2.0784299       0.15198422E-01   0.20639601E-02    269920.00      -0.89940592E-01
  9165.1530        1.9979823        2.0855781       0.66954436        2.0760852       0.18337343E-01   0.27772026E-03    269592.00      -0.57963411E-01
  9167.8230        2.0491011        2.0831824       0.66852509        2.0737030       0.16668673E-01  -0.12983726E-02    269141.00      -0.22552101E-01
  9170.5420        2.0878098        2.0807540       0.66748711        2.0712809       0.11340413E-01  -0.20745956E-02    268800.00       0.46689139E-02
  9173.2150        2.1102486        2.0783773       0.66646669        2.0689035       0.54824536E-02  -0.21756897E-02    268382.00       0.21089725E-01
  9175.9360        2.1173821        2.0759681       0.66542795        2.0664871      -0.39525688E-03  -0.17863628E-02    268118.00       0.27404300E-01
  9178.7030        2.1080794        2.0735282       0.66437165        2.0640338      -0.43211056E-02  -0.76137523E-03    267784.00       0.22863076E-01
  9181.4740        2.0934519        2.0710943       0.66331383        2.0615809      -0.46117529E-02   0.25140688E-03    267311.00       0.14794327E-01
  9184.2440        2.0825257        2.0686703       0.66225638        2.0591329      -0.29280601E-02   0.46041950E-03    266934.00       0.91683194E-02
  9187.0180        2.0772187        2.0662513       0.66119741        2.0566852      -0.20591872E-02  -0.14105889E-03    266479.00       0.72573145E-02
  9189.8370        2.0710087        2.0638010       0.66012126        2.0542019      -0.37170025E-02  -0.47602901E-03    266162.00       0.47694017E-02
  9192.7050        2.0560801        2.0613159       0.65902640        2.0516797      -0.47663641E-02   0.53995801E-03    265649.00      -0.34646212E-02
  9195.5280        2.0438833        2.0588768       0.65794872        2.0492011      -0.64410143E-03   0.20357848E-02    265208.00      -0.99214304E-02
  9198.4900        2.0523540        2.0563244       0.65681798        2.0466049       0.70106509E-02   0.23564057E-02    264661.00      -0.26272847E-02
  9201.3180        2.0844750        2.0538933       0.65573839        2.0441304       0.12999488E-01   0.86212632E-03    263306.00       0.20236319E-01
  9204.2840        2.1276730        2.0513491       0.65460613        2.0415395       0.12005811E-01  -0.12882792E-02    259818.00       0.50504653E-01
  9207.1610        2.1546249        2.0488859       0.65350783        2.0390307       0.54720724E-02  -0.20471109E-02    265303.00       0.69969053E-01
  9210.1310        2.1596682        2.0463472       0.65237404        2.0364453       0.36353357E-04  -0.14502352E-02    264564.00       0.74986146E-01
  9213.1030        2.1548409        2.0438104       0.65123948        2.0338627      -0.31452251E-02  -0.11034247E-02    264282.00       0.73470515E-01
  9216.0770        2.1409667        2.0412747       0.65010416        2.0312829      -0.65246101E-02  -0.12476420E-02    263848.00       0.65967654E-01
  9219.0990        2.1157194        2.0387002       0.64895051        2.0286661      -0.10626086E-01  -0.11523958E-02    263475.00       0.50964671E-01
  9222.1220        2.0767320        2.0361264       0.64779648        2.0260531      -0.13490842E-01  -0.50906341E-03    263158.00       0.26869329E-01
  9225.1930        2.0335062        2.0335124       0.64662413        2.0234035      -0.13728319E-01   0.31271307E-03    262707.00      -0.41269062E-05
  9228.2680        1.9923578        2.0308950       0.64545025        2.0207552      -0.11568908E-01   0.95890420E-03    262441.00      -0.25500627E-01
  9231.2970        1.9628896        2.0283159       0.64429393        2.0181514      -0.78751675E-02   0.11891947E-02    261997.00      -0.43293558E-01
  9234.4670        1.9435396        2.0256151       0.64308379        2.0154313      -0.41970900E-02   0.12518102E-02    261655.00      -0.54310543E-01
  9237.5470        1.9366577        2.0229886       0.64190800        2.0127935      -0.51353769E-04   0.11333717E-02    260991.00      -0.57126341E-01
  9240.7210        1.9432184        2.0202785       0.64069633        2.0100802       0.28910165E-02   0.41561416E-03    259337.00      -0.50991744E-01
  9243.8970        1.9550157        2.0175625       0.63948389        2.0073705       0.25877961E-02  -0.32026410E-03    260585.00      -0.41388090E-01
  9247.0750        1.9596613        2.0148396       0.63827069        2.0046642       0.85605842E-03  -0.31390284E-03    260159.00      -0.36512269E-01
  9250.2570        1.9604602        2.0121073       0.63705597        2.0019597       0.59137411E-03  -0.86518951E-05    258087.00      -0.34175600E-01
  9253.4390        1.9634248        2.0093681       0.63584124        1.9992604       0.80099776E-03   0.67327933E-04    257514.00      -0.30401349E-01
  9256.6720        1.9655986        2.0065771       0.63460704        1.9965232       0.10232828E-02   0.21128687E-03    259131.00      -0.27116042E-01
  9259.9510        1.9700884        2.0037373       0.63335529        1.9937525       0.21768979E-02   0.36747402E-03    258662.00      -0.22265937E-01
  9263.2330        1.9798813        2.0008847       0.63210239        1.9909849       0.34342798E-02   0.17942674E-03    258289.00      -0.13898310E-01
  9266.5190        1.9926448        1.9980176       0.63084796        1.9882194       0.33553727E-02  -0.17512189E-03    257866.00      -0.35553051E-02
  9269.8060        2.0019361        1.9951376       0.62959315        1.9854586       0.22832036E-02  -0.30942762E-03    257445.00       0.44986835E-02
  9273.1420        2.0077664        1.9922013       0.62831963        1.9826624       0.13060336E-02  -0.25719457E-03    256977.00       0.10299667E-01
  9276.5260        2.0107127        1.9892080       0.62702779        1.9798317       0.55485613E-03  -0.12555592E-03    256600.00       0.14229928E-01
  9279.8670        2.0114978        1.9862372       0.62575237        1.9770429       0.46167003E-03   0.57629794E-04    256084.00       0.16715304E-01
  9283.2570        2.0138202        1.9832060       0.62445824        1.9742189       0.94276227E-03   0.11337886E-03    255668.00       0.20257826E-01
  9286.6960        2.0179360        1.9801126       0.62314540        1.9713602       0.12359343E-02   0.54788226E-04    255090.00       0.25028271E-01
  9290.0910        2.0222665        1.9770399       0.62184936        1.9685441       0.13171850E-02  -0.12511521E-03    254618.00       0.29927101E-01
  9293.5350        2.0269442        1.9739046       0.62053462        1.9656933       0.38027131E-03  -0.52824256E-03    253489.00       0.35097031E-01
  9297.0280        2.0249045        1.9707070       0.61920117        1.9628083      -0.23472336E-02  -0.74551229E-03    254230.00       0.35863252E-01
  9300.4780        2.0106473        1.9675323       0.61788413        1.9599649      -0.47958205E-02  -0.45268483E-03    253708.00       0.28529847E-01
  9304.0220        1.9913625        1.9642552       0.61653122        1.9570504      -0.55133113E-02  -0.14035114E-03    253382.00       0.17937302E-01
  9307.5240        1.9718006        1.9610023       0.61519433        1.9541768      -0.57847346E-02   0.20003299E-04    252992.00       0.71453856E-02
  9311.0740        1.9505686        1.9576910       0.61383912        1.9512702      -0.53722480E-02   0.30173202E-03    252389.00      -0.47130070E-02
  9314.6280        1.9336361        1.9543633       0.61248238        1.9483668      -0.36412304E-02   0.58888037E-03    249804.00      -0.13715482E-01
  9318.2300        1.9245119        1.9509789       0.61110732        1.9454309      -0.11582201E-02   0.59800803E-03    247494.00      -0.17513579E-01
  9321.7900        1.9253409        1.9476235       0.60974829        1.9425358       0.64170313E-03   0.20090494E-03    248241.00      -0.14744719E-01
  9325.4460        1.9291425        1.9441681       0.60835262        1.9395693       0.29150990E-03  -0.32490995E-03    250694.00      -0.99427002E-02
  9329.0580        1.9274596        1.9407460       0.60697374        1.9366454      -0.17197424E-02  -0.57296368E-03    250513.00      -0.87918034E-02
  9332.7190        1.9166348        1.9372704       0.60557616        1.9336886      -0.38756550E-02  -0.42076259E-03    250100.00      -0.13654881E-01
  9336.3840        1.8990666        1.9337850       0.60417704        1.9307355      -0.48022492E-02   0.16233662E-03    249739.00      -0.22973703E-01
  9340.0980        1.8811990        1.9302484       0.60275923        1.9277499      -0.26777731E-02   0.74648636E-03    249391.00      -0.32456699E-01
  9343.8620        1.8790422        1.9266606       0.60132232        1.9247314       0.77997581E-03   0.57301204E-03    248965.00      -0.31509818E-01
  9347.5360        1.8870004        1.9231567       0.59991978        1.9217921       0.15842905E-02  -0.21440303E-04    248486.00      -0.23925092E-01
  9351.3070        1.8908372        1.9195594       0.59848020        1.9187824       0.62035275E-03  -0.11270103E-03    247308.00      -0.19005890E-01
  9355.0800        1.8916804        1.9159609       0.59703986        1.9157784       0.73407391E-03   0.69449746E-04    247994.00      -0.16066802E-01
  9358.8570        1.8963795        1.9123607       0.59559799        1.9127786       0.11446983E-02   0.22219998E-04    247490.00      -0.10575002E-01
  9362.6370        1.9003309        1.9087611       0.59415498        1.9097837       0.90199043E-03  -0.49731514E-04    247266.00      -0.55784029E-02
  9366.5150        1.9032869        1.9050732       0.59267456        1.9067189       0.76385440E-03  -0.18025516E-04    246965.00      -0.11820223E-02
  9370.3960        1.9062576        1.9013892       0.59119299        1.9036594       0.76213045E-03  -0.12328338E-04    246482.00       0.32214902E-02
  9374.1860        1.9091332        1.8977995       0.58974616        1.9006791       0.66928372E-03  -0.34646495E-04    246119.00       0.74997171E-02
  9378.0730        1.9113957        1.8941275       0.58826230        1.8976302       0.49614930E-03  -0.47936744E-04    245750.00       0.11426632E-01
  9382.0120        1.9130161        1.8904178       0.58675859        1.8945485       0.29413076E-03  -0.56816391E-04    245417.00       0.14953585E-01
  9385.9060        1.9136996        1.8867635       0.58527206        1.8915098       0.51106516E-04  -0.50005184E-04    245029.00       0.17823992E-01
  9389.8510        1.9134167        1.8830761       0.58376606        1.8884392      -0.97859878E-04  -0.53057897E-04    244587.00       0.20076845E-01
  9393.8000        1.9129271        1.8794013       0.58225853        1.8853736      -0.36773253E-03  -0.13007099E-03    244237.00       0.22184528E-01
  9397.7990        1.9104940        1.8756983       0.58073191        1.8822773      -0.11316641E-02  -0.22753434E-03    243684.00       0.23024775E-01
  9401.8020        1.9038715        1.8720119       0.57920377        1.8791862      -0.21884623E-02  -0.26154301E-03    243183.00       0.21081980E-01
  9405.8090        1.8929644        1.8683437       0.57767410        1.8761002      -0.32266236E-02  -0.20563479E-03    242862.00       0.16291877E-01
  9409.8650        1.8778553        1.8646547       0.57612573        1.8729849      -0.38464956E-02  -0.18680590E-04    242261.00       0.87350265E-02
  9413.9270        1.8617385        1.8609862       0.57457506        1.8698734      -0.33782727E-02   0.22111297E-03    241882.00       0.49784750E-03
  9417.9920        1.8504001        1.8573428       0.57302325        1.8667682      -0.20495105E-02   0.31821427E-03    241439.00      -0.45941080E-02
  9422.0610        1.8450678        1.8537254       0.57146991        1.8636684      -0.78991782E-03   0.25427529E-03    241060.00      -0.57288386E-02
  9426.1810        1.8439314        1.8500947       0.56989710        1.8605385       0.32749884E-04   0.13307240E-03    240546.00      -0.40783028E-02
  9430.3040        1.8453378        1.8464953       0.56832315        1.8574150       0.30699794E-03  -0.18568391E-04    239935.00      -0.76593631E-03
  9434.4790        1.8464789        1.8428871       0.56672935        1.8542610      -0.12133062E-03  -0.12893797E-03    239271.00       0.23767341E-02
  9438.6580        1.8443242        1.8393142       0.56513402        1.8511130      -0.77014990E-03  -0.17449188E-03    238756.00       0.33151853E-02
  9442.8420        1.8400381        1.8357778       0.56353678        1.8479702      -0.15806062E-02  -0.18905010E-03    238056.00       0.28191383E-02
  9447.0280        1.8310945        1.8322824       0.56193878        1.8448349      -0.23524992E-02  -0.72734148E-04    237559.00      -0.78600746E-03
  9451.2680        1.8202160        1.8287874       0.56032016        1.8416683      -0.21934642E-02   0.14490903E-03    237316.00      -0.56718215E-02
  9455.5100        1.8124896        1.8253386       0.55870078        1.8385095      -0.11233808E-02   0.21095569E-03    236929.00      -0.85023680E-02
  9459.8050        1.8106257        1.8218974       0.55706117        1.8353207      -0.39253546E-03   0.52799664E-04    236659.00      -0.74586936E-02
  9464.0560        1.8091349        1.8185434       0.55543835        1.8321739      -0.67215487E-03  -0.70451844E-04    236221.00      -0.62256941E-02
  9468.3580        1.8048767        1.8152009       0.55379606        1.8289988      -0.99511009E-03   0.28426287E-05    235965.00      -0.68316669E-02
  9472.7140        1.8005193        1.8118683       0.55213316        1.8257935      -0.64754339E-03   0.99462692E-04    235623.00      -0.75098395E-02
  9477.0240        1.7992651        1.8086211       0.55048783        1.8226317      -0.13316640E-03   0.11525570E-03    235104.00      -0.61909821E-02
  9481.3880        1.7993642        1.8053826       0.54882187        1.8194400       0.35218455E-03   0.92235660E-04    234692.00      -0.39824804E-02
  9485.8040        1.8023573        1.8021550       0.54713607        1.8162203       0.67666270E-03   0.44997082E-04    234304.00       0.13387834E-03
  9490.1750        1.8053100        1.7990078       0.54546744        1.8130432       0.74757391E-03   0.13281293E-04    233744.00       0.41702724E-02
  9494.6000        1.8089329        1.7958687       0.54377820        1.8098369       0.79348496E-03   0.44794320E-05    233396.00       0.86448113E-02
  9499.0280        1.8123348        1.7927733       0.54208781        1.8066385       0.78723032E-03  -0.30698029E-04    232948.00       0.12944072E-01
  9503.5590        1.8159857        1.7896521       0.54035811        1.8033761       0.51846132E-03  -0.10705847E-03    232503.00       0.17425341E-01
  9507.9950        1.8169838        1.7866402       0.53866467        1.8001924      -0.17276298E-03  -0.17889056E-03    232046.00       0.20078826E-01
  9512.4850        1.8144437        1.7836343       0.53695061        1.7969802      -0.10783158E-02  -0.20504589E-03    231666.00       0.20387013E-01
  9517.0290        1.8072423        1.7806346       0.53521594        1.7937400      -0.20251475E-02  -0.20386383E-03    231131.00       0.17606690E-01
  9521.5280        1.7961303        1.7777052       0.53349845        1.7905423      -0.29218565E-02  -0.10121329E-03    230668.00       0.12192132E-01
  9526.0800        1.7807966        1.7747809       0.53176073        1.7873175      -0.29412290E-02   0.10311434E-03    230060.00       0.39806759E-02
  9530.6370        1.7693386        1.7718918       0.53002110        1.7840998      -0.19825879E-02   0.18734720E-03    229557.00      -0.16894788E-02
  9535.2480        1.7626202        1.7690061       0.52826085        1.7808549      -0.12236299E-02   0.12270607E-03    228964.00      -0.42256446E-02
  9539.8620        1.7580506        1.7661549       0.52649946        1.7776188      -0.85062443E-03   0.58821795E-04    228361.00      -0.53627497E-02
  9544.4810        1.7547664        1.7633356       0.52473616        1.7743902      -0.68052822E-03   0.34837789E-04    227884.00      -0.56703747E-02
  9549.1550        1.7517265        1.7605167       0.52295187        1.7711343      -0.52687686E-03   0.29104591E-04    227469.00      -0.58166290E-02
  9553.8330        1.7498390        1.7577281       0.52116604        1.7678869      -0.40834209E-03  -0.27086634E-05    226925.00      -0.52202774E-02
  9558.4660        1.7479244        1.7549969       0.51939740        1.7646818      -0.55209723E-03  -0.37737260E-04    226244.00      -0.46799634E-02
  9563.1530        1.7446935        1.7522633       0.51760814        1.7614506      -0.76005335E-03  -0.24751160E-04    225062.00      -0.50090540E-02
  9567.9430        1.7407214        1.7494986       0.51577956        1.7581600      -0.78666397E-03   0.25773807E-05    225350.00      -0.58080206E-02
  9572.6410        1.7372296        1.7468138       0.51398610        1.7549441      -0.73559916E-03  -0.17433145E-04    224752.00      -0.63419677E-02
  9577.4410        1.7337346        1.7440963       0.51215371        1.7516701      -0.95224398E-03  -0.49346306E-04    224200.00      -0.68564868E-02
  9582.2460        1.7280833        1.7414004       0.51031940        1.7484046      -0.12095704E-02   0.52291288E-05    223173.00      -0.88121004E-02
  9586.9580        1.7222232        1.7387786       0.50852060        1.7452138      -0.90247837E-03   0.71070087E-04    220022.00      -0.10954951E-01
  9591.8230        1.7194403        1.7360927       0.50666339        1.7419314      -0.52893221E-03   0.53655062E-04    220538.00      -0.11019131E-01
  9596.6430        1.7171005        1.7334510       0.50482336        1.7386913      -0.38282909E-03   0.36579595E-04    220301.00      -0.10819391E-01
  9601.4680        1.7157479        1.7308241       0.50298142        1.7354599      -0.17612201E-03   0.18342233E-04    219525.00      -0.99761608E-02
  9606.3480        1.7153912        1.7281834       0.50111848        1.7322037      -0.20481771E-03  -0.15961025E-04    219002.00      -0.84647875E-02
  9611.2820        1.7137378        1.7255280       0.49923493        1.7289241      -0.33276351E-03  -0.73496631E-05    222081.00      -0.78017642E-02
  9616.1730        1.7121218        1.7229085       0.49736779        1.7256853      -0.27702815E-03   0.21017581E-04    221872.00      -0.71377165E-02
  9621.1180        1.7110130        1.7202710       0.49548004        1.7224233      -0.12603458E-03   0.14396229E-04    221687.00      -0.61261516E-02
  9626.0680        1.7108747        1.7176399       0.49359038        1.7191706      -0.13457747E-03  -0.32851567E-04    221518.00      -0.44766607E-02
  9631.0230        1.7096800        1.7150135       0.49169882        1.7159272      -0.45142936E-03  -0.59838763E-04    221353.00      -0.35292676E-02
  9636.0350        1.7063753        1.7123623       0.48978549        1.7126594      -0.73099042E-03  -0.38492274E-04    221113.00      -0.39617196E-02
  9641.0510        1.7023496        1.7097126       0.48787064        1.7094019      -0.83742987E-03  -0.12172345E-04    220916.00      -0.48722075E-02
  9646.0720        1.6979700        1.7070618       0.48595387        1.7061541      -0.85316424E-03   0.10067120E-03    220699.00      -0.60162075E-02
  9651.1000        1.6937762        1.7044070       0.48403444        1.7029148       0.17421501E-03   0.29700567E-03    220488.00      -0.70345897E-02
  9656.2320        1.6997400        1.7016948       0.48207530        1.6996218       0.21644134E-02   0.15048430E-03    220291.00      -0.12935253E-02
  9661.2710        1.7157904        1.6990274       0.48015166        1.6964018       0.17047908E-02  -0.25917373E-03    220096.00       0.11092334E-01
  9666.3640        1.7170130        1.6963249       0.47820742        1.6931605      -0.46153486E-03  -0.32880211E-03    219853.00       0.13689614E-01
  9671.4630        1.7110864        1.6936106       0.47626088        1.6899287      -0.16463603E-02  -0.77337175E-04    219600.00       0.11564038E-01
  9676.6180        1.7001312        1.6908559       0.47429296        1.6866750      -0.12545502E-02   0.11060163E-03    219337.00       0.61375903E-02
  9681.7780        1.6981458        1.6880874       0.47232313        1.6834319      -0.50550450E-03   0.52652623E-04    219197.00       0.66557381E-02
  9686.9450        1.6949108        1.6853040       0.47035063        1.6801981      -0.71080661E-03  -0.45542250E-04    218647.00       0.63569772E-02
  9692.1680        1.6907605        1.6824790       0.46835676        1.6769432      -0.97868848E-03  -0.12200176E-04    217416.00       0.54799874E-02
  9697.3960        1.6846826        1.6796397       0.46636097        1.6736992      -0.83831065E-03   0.52782187E-04    217829.00       0.33369589E-02
  9702.6820        1.6819465        1.6767570       0.46434304        1.6704335      -0.42373656E-03   0.24420352E-04    217551.00       0.34339314E-02
  9707.8710        1.6802439        1.6739157       0.46236215        1.6672417      -0.58250746E-03  -0.54732651E-04    217460.00       0.41874923E-02
  9713.1680        1.6758383        1.6710033       0.46034002        1.6639978      -0.99766314E-03  -0.24852906E-04    217188.00       0.31994173E-02
  9718.4710        1.6696687        1.6680754       0.45831561        1.6607647      -0.84594827E-03   0.41333533E-04    216893.00       0.10542892E-02
  9723.7790        1.6668619        1.6651326       0.45628928        1.6575430      -0.55907302E-03   0.24097711E-04    216391.00       0.11443135E-02
  9729.0940        1.6637297        1.6621737       0.45426028        1.6543316      -0.58995829E-03  -0.42657523E-05    216031.00       0.10296218E-02
  9734.4660        1.6605571        1.6591704       0.45220953        1.6511004      -0.60466111E-03   0.12302085E-04    215473.00       0.91755286E-03
  9739.8440        1.6572296        1.6561512       0.45015648        1.6478806      -0.45771087E-03   0.52928959E-04    213960.00       0.71359593E-03
  9745.2780        1.6556083        1.6530875       0.44808205        1.6446423      -0.32393207E-04   0.31618451E-04    212430.00       0.16680609E-02
  9750.6170        1.6568806        1.6500646       0.44604389        1.6414755      -0.11708530E-03  -0.68095474E-04    211547.00       0.45102182E-02
  9756.0650        1.6543453        1.6469670       0.44396412        1.6382590      -0.76693909E-03  -0.82740790E-04    214442.00       0.48823320E-02
  9761.5190        1.6485194        1.6438527       0.44188206        1.6350544      -0.10191254E-02  -0.37532106E-05    214049.00       0.30880628E-02
  9766.9790        1.6432226        1.6407215       0.43979771        1.6318615      -0.80790163E-03   0.45229945E-04    213544.00       0.16549738E-02
  9772.4440        1.6396931        1.6375741       0.43771145        1.6286811      -0.52498824E-03   0.26564007E-04    213106.00       0.14021901E-02
  9778.0210        1.6374256        1.6343482       0.43558244        1.6254513      -0.51458186E-03  -0.14968238E-04    210582.00       0.20364134E-02
  9783.4990        1.6340044        1.6311657       0.43349121        1.6222944      -0.69046211E-03  -0.81085074E-05    212056.00       0.18783679E-02
  9789.0360        1.6298202        1.6279351       0.43137747        1.6191192      -0.60389707E-03   0.18870164E-04    211737.00       0.12473771E-02
  9794.6310        1.6272818        1.6246564       0.42924158        1.6159268      -0.48039944E-03   0.92029772E-05    211358.00       0.17372780E-02
  9800.1810        1.6244661        1.6213898       0.42712287        1.6127759      -0.50132989E-03  -0.87001694E-05    210581.00       0.20356926E-02
  9805.7880        1.6216885        1.6180751       0.42498240        1.6096088      -0.57746723E-03  -0.27443300E-04    210417.00       0.23910164E-02
  9811.4030        1.6179858        1.6147411       0.42283888        1.6064534      -0.80929860E-03  -0.39861974E-04    209952.00       0.21470927E-02
  9817.0240        1.6125952        1.6113887       0.42069307        1.6033108      -0.10253564E-02  -0.20922225E-04    207785.00       0.79833194E-03
  9822.6520        1.6064516        1.6080174       0.41854458        1.6001806      -0.10446527E-02   0.87409608E-05    209643.00      -0.10361057E-02
  9828.3390        1.6007749        1.6045955       0.41637357        1.5970341      -0.92645240E-03   0.22201214E-04    209066.00      -0.25281230E-02
  9834.0840        1.5958604        1.6011232       0.41418043        1.5938724      -0.79084844E-03   0.25485858E-04    206216.00      -0.34824975E-02
  9839.8370        1.5916818        1.5976304       0.41198422        1.5907233      -0.63341600E-03   0.17110680E-04    208097.00      -0.39362754E-02
  9845.4910        1.5886350        1.5941822       0.40982581        1.5876451      -0.59566691E-03   0.10207081E-05    207699.00      -0.36706903E-02
  9851.2580        1.5848787        1.5906494       0.40762426        1.5845222      -0.62175849E-03   0.19853933E-05    207052.00      -0.38185918E-02
  9857.0300        1.5814605        1.5870975       0.40542081        1.5814137      -0.57275746E-03   0.39600816E-05    204882.00      -0.37300581E-02
  9862.8110        1.5782616        1.5835239       0.40321391        1.5783176      -0.57600767E-03   0.44140112E-05    205890.00      -0.34821323E-02
  9868.5980        1.5747973        1.5799303       0.40100473        1.5752354      -0.52169618E-03   0.77412178E-05    206709.00      -0.33966035E-02
  9874.4440        1.5721927        1.5762835       0.39877302        1.5721394      -0.48595408E-03  -0.38971445E-05    206364.00      -0.27069499E-02
  9880.2970        1.5691121        1.5726156       0.39653865        1.5690572      -0.56728887E-03  -0.92204354E-05    206027.00      -0.23183067E-02
  9886.1580        1.5655475        1.5689257       0.39430121        1.5659885      -0.59396226E-03  -0.44489491E-05    205782.00      -0.22354489E-02
  9892.0250        1.5621461        1.5652151       0.39206149        1.5629343      -0.61946615E-03  -0.40423129E-05    205522.00      -0.20308214E-02
  9897.9530        1.5582409        1.5614486       0.38979848        1.5598663      -0.64164134E-03   0.14528813E-05    205196.00      -0.21225958E-02
  9903.8890        1.5545337        1.5576594       0.38753242        1.5568124      -0.60222916E-03   0.68012693E-05    204839.00      -0.20683553E-02
  9909.8310        1.5510876        1.5538488       0.38526406        1.5537734      -0.56085587E-03   0.76172543E-05    204639.00      -0.18271013E-02
  9915.7800        1.5478645        1.5500158       0.38299304        1.5507491      -0.51165239E-03   0.44439487E-05    204319.00      -0.14235388E-02
  9921.7370        1.5449959        1.5461598       0.38071895        1.5477390      -0.50794621E-03  -0.56103506E-05    204090.00      -0.77021446E-03
  9927.7550        1.5417819        1.5422464       0.37842159        1.5447165      -0.57883634E-03  -0.11463916E-04    203851.00      -0.30739286E-03
  9933.7790        1.5380255        1.5383133       0.37612193        1.5417098      -0.64599469E-03  -0.62649752E-05    203650.00      -0.19040043E-03
  9939.8130        1.5339925        1.5343606       0.37381845        1.5387167      -0.65437941E-03  -0.26776968E-05    203447.00      -0.24356943E-03
  9945.8530        1.5301245        1.5303938       0.37151269        1.5357394      -0.67832520E-03   0.24097940E-05    203105.00      -0.17819647E-03
  9951.9530        1.5257576        1.5263804       0.36918402        1.5327516      -0.62512451E-03   0.12807086E-04    202850.00      -0.41211526E-03
  9958.0630        1.5224918        1.5223561       0.36685153        1.5297780      -0.52195069E-03   0.59054340E-05    201854.00       0.89799330E-04
  9964.1790        1.5193762        1.5183264       0.36451675        1.5268208      -0.55292468E-03  -0.92044926E-05    202076.00       0.69466493E-03
  9970.3020        1.5157245        1.5142939       0.36217930        1.5238794      -0.63460447E-03  -0.89942157E-05    201303.00       0.94664745E-03
  9976.4340        1.5115992        1.5102602       0.35983841        1.5209531      -0.66314879E-03  -0.72527620E-05    200973.00       0.88597756E-03
  9982.6270        1.5075512        1.5061944       0.35747424        1.5180172      -0.72399476E-03  -0.54540737E-05    201281.00       0.89782454E-03
  9988.8270        1.5026267        1.5021351       0.35510740        1.5150978      -0.73074112E-03   0.61318244E-05    200791.00       0.32529143E-03
  9995.0370        1.4984827        1.4980836       0.35273673        1.5121936      -0.64789882E-03   0.67848845E-05    199898.00       0.26409170E-03
  10001.250        1.4945778        1.4940477       0.35036492        1.5093077      -0.64645250E-03  -0.20832537E-05    199480.00       0.35079422E-03
  10007.480        1.4904389        1.4900216       0.34798663        1.5064339      -0.67382075E-03   0.13290269E-05    199171.00       0.27614175E-03
  10013.760        1.4861483        1.4859875       0.34558924        1.5035572      -0.62982638E-03   0.79313839E-05    198831.00       0.10642798E-03
  10020.110        1.4824842        1.4819367       0.34316513        1.5006691      -0.57364737E-03   0.41714368E-05    198346.00       0.36231539E-03
  10026.360        1.4789204        1.4779806       0.34077920        1.4978468      -0.57726627E-03  -0.12329103E-05    198009.00       0.62188974E-03
  10032.670        1.4752337        1.4740210       0.33837036        1.4950177      -0.58913272E-03   0.56317828E-06    197805.00       0.80248891E-03
  10038.990        1.4714796        1.4700932       0.33595771        1.4922046      -0.57015333E-03   0.47576683E-05    197360.00       0.91743289E-03
  10045.380        1.4679871        1.4661640       0.33351833        1.4893813      -0.52866276E-03   0.31418179E-05    196928.00       0.12063424E-02
  10051.770        1.4647233        1.4622807       0.33107895        1.4865790      -0.53000090E-03   0.27832067E-05    196693.00       0.16163395E-02
  10058.160        1.4612137        1.4584466       0.32863957        1.4837977      -0.49309337E-03   0.52429524E-05    196241.00       0.18310121E-02
  10064.570        1.4584117        1.4546535       0.32619256        1.4810287      -0.46289111E-03  -0.26063594E-05    195765.00       0.24868763E-02
  10070.990        1.4552748        1.4509112       0.32374173        1.4782767      -0.52653297E-03  -0.74045225E-05    195049.00       0.28874574E-02
  10077.460        1.4516247        1.4472007       0.32127181        1.4755246      -0.55833540E-03  -0.58013845E-05    194475.00       0.29274688E-02
  10083.950        1.4480388        1.4435437       0.31879426        1.4727857      -0.60171891E-03  -0.41464828E-05    193898.00       0.29744124E-02
  10090.450        1.4438084        1.4399501       0.31631289        1.4700642      -0.61219822E-03   0.29431455E-05    193232.00       0.25530601E-02
  10097.010        1.4400434        1.4363970       0.31380861        1.4673397      -0.56328143E-03   0.25276785E-05    191362.00       0.24128748E-02
  10103.460        1.4364801        1.4329793       0.31134633        1.4646824      -0.57931312E-03  -0.59986380E-06    191308.00       0.23165387E-02
  10110.040        1.4324950        1.4295738       0.30883442        1.4619936      -0.57109766E-03  -0.78372356E-06    192604.00       0.19330078E-02
  10116.630        1.4289588        1.4262490       0.30631869        1.4593231      -0.58963476E-03  -0.39189028E-05    192137.00       0.17930929E-02
  10123.220        1.4247236        1.4230139       0.30380296        1.4566749      -0.62274879E-03   0.27729983E-05    191670.00       0.11313235E-02
  10129.820        1.4207447        1.4198677       0.30128342        1.4540450      -0.55305891E-03   0.58732470E-05    191385.00       0.58031628E-03
  10136.430        1.4174177        1.4168146       0.29876006        1.4514337      -0.54516320E-03  -0.10171556E-05    190902.00       0.39909722E-03
  10143.050        1.4135322        1.4138588       0.29623288        1.4488408      -0.56651588E-03   0.13034844E-05    190285.00      -0.21613351E-03
  10149.740        1.4098774        1.4109794       0.29367897        1.4462435      -0.52781382E-03   0.28134463E-05    189513.00      -0.72922792E-03
  10156.430        1.4064700        1.4082121       0.29112507        1.4436692      -0.52887197E-03  -0.87904155E-06    189501.00      -0.11527627E-02
  10163.190        1.4027640        1.4055338       0.28854444        1.4410913      -0.53963693E-03  -0.85024197E-06    188983.00      -0.18328024E-02
  10169.850        1.3992281        1.4030151       0.28600199        1.4385746      -0.54028222E-03  -0.15693195E-05    188320.00      -0.25058768E-02
  10176.620        1.3955081        1.4005807       0.28341755        1.4360397      -0.56071289E-03  -0.76452810E-06    187758.00      -0.33566525E-02
  10183.350        1.3916585        1.3982908       0.28084838        1.4335431      -0.55060334E-03   0.80163398E-06    187298.00      -0.43886653E-02
  10190.150        1.3880584        1.3961127       0.27825248        1.4310442      -0.54986679E-03   0.16891030E-06    186669.00      -0.53296658E-02
  10196.950        1.3841803        1.3940753       0.27565659        1.4285690      -0.54830616E-03   0.17044979E-05    186174.00      -0.65476722E-02
  10203.770        1.3805905        1.3921773       0.27305306        1.4261105      -0.52665153E-03   0.79011540E-06    185658.00      -0.76671955E-02
  10210.590        1.3769968        1.3904292       0.27044953        1.4236759      -0.53752899E-03   0.13405823E-05    185099.00      -0.88884239E-02
  10217.480        1.3732209        1.3732209       0.26781928        1.4212406      -0.50827214E-03   0.33112717E-05    184433.00        0.0000000
  10224.320        1.3700182        1.3700182       0.26520811        1.4188472      -0.49206523E-03   0.35917043E-06    183493.00        0.0000000
  10231.230        1.3664550        1.3664550       0.26257022        1.4164536      -0.50333355E-03   0.10452610E-05    183307.00        0.0000000
  10238.200        1.3630319        1.3630319       0.25990943        1.4140642      -0.47755701E-03  -0.94225445E-06    183513.00        0.0000000
  10245.070        1.3598457        1.3598457       0.25728681        1.4117335      -0.51637435E-03  -0.53892070E-05    182937.00        0.0000000
  10252.010        1.3559008        1.3559008       0.25463747        1.4094036      -0.55198196E-03   0.20144275E-05    182209.00        0.0000000
  10259.010        1.3521510        1.3521510       0.25196523        1.4070788      -0.48829323E-03   0.37407684E-05    181960.00        0.0000000
  10266.030        1.3490549        1.3490549       0.24928535        1.4047726      -0.49953638E-03  -0.22895289E-05    181648.00        0.0000000
  10273.050        1.3451375        1.3451375       0.24660547        1.4024917      -0.52043822E-03  -0.18406221E-05    180957.00        0.0000000
  10280.080        1.3417428        1.3417428       0.24392177        1.4002330      -0.52539712E-03  -0.20257848E-05    180294.00        0.0000000
  10287.070        1.3377715        1.3377715       0.24125334        1.3980124      -0.54883972E-03   0.21231628E-05    180151.00        0.0000000
  10294.120        1.3340371        1.3340371       0.23856201        1.3957981      -0.49558792E-03   0.29802639E-05    179787.00        0.0000000
  10301.290        1.3307242        1.3307242       0.23582487        1.3935724      -0.50646037E-03  -0.32575323E-05    179374.00        0.0000000
  10308.370        1.3268200        1.3268200       0.23312208        1.3914005      -0.54200775E-03  -0.12898075E-05    178170.00        0.0000000
  10315.450        1.3230494        1.3230494       0.23041930        1.3892545      -0.52472404E-03   0.13931658E-05    178502.00        0.0000000
  10322.660        1.3193217        1.3193217       0.22766689        1.3870955      -0.52209941E-03   0.11333139E-05    178182.00        0.0000000
  10329.760        1.3155781        1.3155781       0.22495647        1.3849956      -0.50850632E-03  -0.14105355E-05    177833.00        0.0000000
  10336.980        1.3120399        1.3120399       0.22220024        1.3828867      -0.54229828E-03  -0.35583935E-05    177450.00        0.0000000
  10344.220        1.3077365        1.3077365       0.21943637        1.3807990      -0.55996069E-03   0.23176013E-05    177202.00        0.0000000
  10351.350        1.3039932        1.3039932       0.21671450        1.3787693      -0.50899435E-03   0.35725823E-05    177052.00        0.0000000
  10358.610        1.3004121        1.3004121       0.21394300        1.3767295      -0.50855123E-03   0.15164824E-06    176643.00        0.0000000
  10365.880        1.2966040        1.2966040       0.21116768        1.3747140      -0.50679090E-03   0.46969460E-06    176447.00        0.0000000
  10373.160        1.2930383        1.2930383       0.20838855        1.3727230      -0.50171718E-03  -0.68973636E-07    176238.00        0.0000000
  10380.450        1.2892940        1.2892940       0.20560559        1.3707566      -0.50779585E-03   0.51139653E-06    175946.00        0.0000000
  10387.750        1.2856295        1.2856295       0.20281883        1.3688149      -0.49425590E-03   0.18040003E-06    175722.00        0.0000000
  10395.060        1.2820729        1.2820729       0.20002824        1.3668979      -0.50516020E-03  -0.22542241E-06    175509.00        0.0000000
  10402.440        1.2782087        1.2782087       0.19721093        1.3649905      -0.49756736E-03   0.13307872E-05    175166.00        0.0000000
  10409.770        1.2747537        1.2747537       0.19441271        1.3631238      -0.48558432E-03  -0.10632750E-06    175052.00        0.0000000
  10417.170        1.2710561        1.2710561       0.19158776        1.3612672      -0.49913356E-03   0.43862511E-06    174962.00        0.0000000
  10424.580        1.2673615        1.2673615       0.18875900        1.3594364      -0.47908829E-03   0.14523767E-05    173262.00        0.0000000
  10432.010        1.2639464        1.2639464       0.18592260        1.3576289      -0.47758029E-03  -0.10382723E-05    174218.00        0.0000000
  10439.500        1.2602360        1.2602360       0.18306330        1.3558356      -0.49457931E-03  -0.65767342E-06    173199.00        0.0000000
  10446.940        1.2565623        1.2565623       0.18022308        1.3540829      -0.48739935E-03   0.72282436E-06    172989.00        0.0000000
  10454.400        1.2529738        1.2529738       0.17737524        1.3523540      -0.48380923E-03   0.59577990E-06    173171.00        0.0000000
  10461.920        1.2493149        1.2493149       0.17450448        1.3506401      -0.47847457E-03   0.57699181E-06    172985.00        0.0000000
  10469.520        1.2457392        1.2457392       0.17160319        1.3489376      -0.47508511E-03   0.39130967E-06    172378.00        0.0000000
  10477.010        1.2421458        1.2421458       0.16874388        1.3472888      -0.47256971E-03  -0.20798512E-05    172480.00        0.0000000
  10484.560        1.2386318        1.2386318       0.16586168        1.3456560      -0.50636607E-03  -0.36342980E-05    172610.00        0.0000000
  10492.130        1.2344896        1.2344896       0.16297183        1.3440483      -0.52752029E-03   0.17740284E-05    172357.00        0.0000000
  10499.710        1.2306398        1.2306398       0.16007818        1.3424680      -0.47948954E-03   0.27383606E-05    172287.00        0.0000000
  10507.360        1.2271869        1.2271869       0.15715779        1.3409031      -0.48581506E-03  -0.15658982E-05    172123.00        0.0000000
  10514.970        1.2232263        1.2232263       0.15425268        1.3393762      -0.50338515E-03  -0.92211666E-06    171864.00        0.0000000
  10522.640        1.2194952        1.2194952       0.15132466        1.3378674      -0.49990500E-03   0.16002379E-05    171400.00        0.0000000
  10530.330        1.2155478        1.2155478       0.14838901        1.3363850      -0.47880549E-03   0.24641138E-05    171008.00        0.0000000
  10538.020        1.2121312        1.2121312       0.14545336        1.3349331      -0.46200693E-03  -0.13050704E-05    169924.00        0.0000000
  10545.730        1.2084329        1.2084329       0.14251007        1.3335079      -0.49890358E-03  -0.19728685E-05    170482.00        0.0000000
  10553.450        1.2044331        1.2044331       0.13956297        1.3321115      -0.49244829E-03   0.18014314E-05    170215.00        0.0000000
  10561.240        1.2007950        1.2007950       0.13658914        1.3307335      -0.47096338E-03   0.11133900E-05    169763.00        0.0000000
  10568.990        1.1971143        1.1971143       0.13363058        1.3293936      -0.47514621E-03  -0.85424009E-06    169136.00        0.0000000
  10576.800        1.1934017        1.1934017       0.13064912        1.3280745      -0.48425535E-03  -0.99488423E-06    168750.00        0.0000000
  10584.570        1.1895696        1.1895696       0.12768293        1.3267933      -0.49064651E-03   0.10948868E-05    168374.00        0.0000000
  10592.410        1.1857427        1.1857427       0.12469002        1.3255320      -0.46716417E-03   0.19581700E-05    167996.00        0.0000000
  10600.260        1.1822398        1.1822398       0.12169328        1.3243008      -0.45992282E-03  -0.41961105E-06    163899.00        0.0000000
  10608.120        1.1785173        1.1785173       0.11869273        1.3230998      -0.47375626E-03  -0.11532335E-05    167066.00        0.0000000
  10616.060        1.1747545        1.1747545       0.11566165        1.3219188      -0.47814391E-03  -0.11985200E-05    166704.00        0.0000000
  10623.940        1.1709531        1.1709531       0.11265346        1.3207788      -0.49271684E-03  -0.17371818E-06    166265.00        0.0000000
  10631.840        1.1669794        1.1669794       0.10963764        1.3196680      -0.48088518E-03   0.17349157E-05    165808.00        0.0000000
  10639.810        1.1633215        1.1633215       0.10659510        1.3185799      -0.46518373E-03   0.17942185E-05    165273.00        0.0000000
  10647.730        1.1595876        1.1595876       0.10357165        1.3175309      -0.45237505E-03   0.72564849E-06    164504.00        0.0000000
  10655.730        1.1561196        1.1561196       0.10051765        1.3165041      -0.45363141E-03  -0.25223886E-05    163550.00        0.0000000
  10663.740        1.1523250        1.1523250       0.97459840E-01    1.3155090      -0.49275849E-03  -0.59291950E-06    163111.00        0.0000000
  10671.760        1.1482207        1.1482207       0.94398210E-01    1.3145457      -0.46313591E-03   0.28468514E-05    162238.00        0.0000000
  10679.790        1.1448917        1.1448917       0.91332764E-01    1.3136143      -0.44706653E-03  -0.13056079E-05    162057.00        0.0000000
  10687.840        1.1410319        1.1410319       0.88259682E-01    1.3127139      -0.48413008E-03   0.15266717E-06    161777.00        0.0000000
  10695.890        1.1370972        1.1370972       0.85186600E-01    1.3118468      -0.44460859E-03   0.21662471E-05    161176.00        0.0000000
  10704.090        1.1338070        1.1338070       0.82056256E-01    1.3109979      -0.44892857E-03  -0.27304646E-05    160283.00        0.0000000
  10712.110        1.1298156        1.1298156       0.78994627E-01    1.3102010      -0.48889672E-03  -0.17673869E-05    159465.00        0.0000000
  10720.260        1.1259015        1.1259015       0.75883370E-01    1.3094251      -0.47750721E-03   0.17435961E-05    158728.00        0.0000000
  10728.500        1.1219892        1.1219892       0.72737756E-01    1.3086753      -0.46031918E-03   0.26926527E-05    157666.00        0.0000000
  10736.620        1.1183707        1.1183707       0.69637952E-01    1.3079707      -0.43345542E-03   0.94116020E-06    157479.00        0.0000000
  10744.750        1.1149456        1.1149456       0.66534330E-01    1.3072991      -0.44502533E-03  -0.21924056E-05    156599.00        0.0000000
  10752.960        1.1110990        1.1110990       0.63400168E-01    1.3066554      -0.46927932E-03  -0.11590744E-05    155773.00        0.0000000
  10761.240        1.1072072        1.1072072       0.60239284E-01    1.3060414      -0.46413847E-03   0.42421644E-06    155059.00        0.0000000
  10769.470        1.1034361        1.1034361       0.57097488E-01    1.3054660      -0.46227551E-03   0.40512992E-06    154400.00        0.0000000
  10777.720        1.0995889        1.0995889       0.53948056E-01    1.3049241      -0.45746192E-03   0.79239163E-06    153675.00        0.0000000
  10786.040        1.0958559        1.0958559       0.50771902E-01    1.3044132      -0.44914558E-03   0.13379464E-05    152890.00        0.0000000
  10794.310        1.0921375        1.0921375       0.47614835E-01    1.3039405      -0.43526539E-03   0.90977534E-06    152099.00        0.0000000
  10802.660        1.0886218        1.0886218       0.44427229E-01    1.3034990      -0.43402511E-03  -0.10693851E-05    150490.00        0.0000000
  10810.960        1.0849110        1.0849110       0.41258710E-01    1.3030956      -0.45307066E-03  -0.15100149E-05    150773.00        0.0000000
  10819.330        1.0810691        1.0810691       0.38063468E-01    1.3027248      -0.45919706E-03   0.94261826E-06    150074.00        0.0000000
  10827.720        1.0772149        1.0772149       0.34860592E-01    1.3023892      -0.43727237E-03   0.22395815E-05    140050.00        0.0000000
  10836.120        1.0737273        1.0737273       0.31653898E-01    1.3020895      -0.42159449E-03  -0.59366408E-06    148350.00        0.0000000
  10844.530        1.0701279        1.0701279       0.28443386E-01    1.3018257      -0.44725187E-03  -0.95829047E-06    147747.00        0.0000000
  10852.960        1.0661956        1.0661956       0.25225240E-01    1.3015979      -0.43773210E-03   0.82030742E-06    146990.00        0.0000000
  10861.470        1.0627127        1.0627127       0.21976553E-01    1.3014049      -0.43335586E-03  -0.68781167E-06    146696.00        0.0000000
  10869.920        1.0588459        1.0588459       0.18750772E-01    1.3012502      -0.44939739E-03   0.31513748E-06    146003.00        0.0000000
  10878.390        1.0551089        1.0551089       0.15517355E-01    1.3011320      -0.42802373E-03   0.19561757E-05    144163.00        0.0000000
  10887.000        1.0515353        1.0515353       0.12230494E-01    1.3010496      -0.41598591E-03  -0.21483982E-06    144805.00        0.0000000
  10895.490        1.0479955        1.0479955       0.89894427E-02    1.3010057      -0.43169749E-03  -0.17946614E-05    144242.00        0.0000000
  10904.000        1.0441964        1.0441964       0.57407563E-02    1.3009989      -0.44649515E-03   0.38846310E-06    143678.00        0.0000000
  10912.590        1.0403604        1.0403604       0.24615299E-02    1.3010298      -0.42505477E-03   0.17329774E-05    142593.00        0.0000000
  10921.190        1.0368897        1.0368897      -0.82151394E-03    1.3010987      -0.41670527E-03  -0.26627684E-06    142271.00        0.0000000
  10929.870        1.0331598        1.0331598      -0.41350977E-02    1.3012069      -0.42965604E-03  -0.20521956E-06    142101.00        0.0000000
  10938.430        1.0294824        1.0294824      -0.74028716E-02    1.3013515      -0.42024326E-03  -0.72491552E-07    141613.00        0.0000000
  10947.070        1.0259316        1.0259316      -0.10701185E-01    1.3015357      -0.43090289E-03  -0.31570206E-06    141178.00        0.0000000
  10955.790        1.0220020        1.0220020      -0.14030039E-01    1.3017605      -0.42572384E-03   0.12595723E-05    140691.00        0.0000000
  10964.390        1.0185581        1.0185581      -0.17313083E-01    1.3020205      -0.40908710E-03   0.15817893E-05    140235.00        0.0000000
  10973.140        1.0149043        1.0149043      -0.20653389E-01    1.3023241      -0.39827980E-03   0.83846030E-07    139936.00        0.0000000
  10981.840        1.0116081        1.0116081      -0.23974608E-01    1.3026650      -0.40762399E-03  -0.12242517E-05    139514.00        0.0000000
  10990.550        1.0078076        1.0078076      -0.27299644E-01    1.3030453      -0.41959402E-03  -0.53564371E-06    138993.00        0.0000000
  10999.340        1.0042652        1.0042652      -0.30655221E-01    1.3034686      -0.41699775E-03   0.52886597E-06    138638.00        0.0000000
  11008.150        1.0004684        1.0004684      -0.34018432E-01    1.3039328      -0.41028598E-03   0.13422304E-05    138235.00        0.0000000
  11016.900       0.99706056       0.99706056      -0.37358738E-01    1.3044333      -0.39342819E-03  -0.98457376E-07    137865.00        0.0000000
  11025.740       0.99354800       0.99354800      -0.40733402E-01    1.3049789      -0.41201785E-03  -0.83936912E-06    137414.00        0.0000000
  11034.580       0.98977609       0.98977609      -0.44108065E-01    1.3055648      -0.40826823E-03   0.14625081E-05    136972.00        0.0000000
  11043.450       0.98631757       0.98631757      -0.47494182E-01    1.3061930      -0.38611683E-03   0.38136347E-06    136542.00        0.0000000
  11052.330       0.98292251       0.98292251      -0.50884115E-01    1.3068624      -0.40149903E-03  -0.14235509E-05    135975.00        0.0000000
  11061.220       0.97918293       0.97918293      -0.54277866E-01    1.3075733      -0.41141333E-03  -0.71407449E-06    134533.00        0.0000000
  11070.120       0.97560347       0.97560347      -0.57675435E-01    1.3083256      -0.41420242E-03   0.88009033E-06    133856.00        0.0000000
  11079.040       0.97180185       0.97180185      -0.61080639E-01    1.3091205      -0.39573012E-03   0.14002778E-05    132550.00        0.0000000
  11087.980       0.96853573       0.96853573      -0.64493477E-01    1.3099583      -0.38919346E-03  -0.80948865E-06    134283.00        0.0000000
  11097.000       0.96481193       0.96481193      -0.67936856E-01    1.3108452      -0.41026853E-03  -0.83887153E-06    132435.00        0.0000000
  11105.960       0.96115910       0.96115910      -0.71357329E-01    1.3117676      -0.40427637E-03  -0.12390423E-06    124189.00        0.0000000
  11115.010       0.95753091       0.95753091      -0.74812161E-01    1.3127412      -0.41250005E-03  -0.72049431E-06    132743.00        0.0000000
  11124.000       0.95371760       0.95371760      -0.78244087E-01    1.3137501      -0.41727408E-03   0.16636481E-06    132557.00        0.0000000
  11133.080       0.94999077       0.94999077      -0.81710370E-01    1.3148113      -0.40949384E-03   0.39035384E-06    132263.00        0.0000000
  11142.110       0.94630167       0.94630167      -0.85157566E-01    1.3159086      -0.41020478E-03   0.10019575E-05    131794.00        0.0000000
  11151.280       0.94252505       0.94252505      -0.88658207E-01    1.3170659      -0.39125821E-03   0.10795236E-05    131328.00        0.0000000
  11160.340       0.93916903       0.93916903      -0.92116856E-01    1.3182518      -0.39052506E-03  -0.65416252E-07    130888.00        0.0000000
  11169.410       0.93544483       0.93544483      -0.95579322E-01    1.3194813      -0.39244421E-03  -0.10437390E-07    130483.00        0.0000000
  11178.560       0.93201870       0.93201870      -0.99072328E-01    1.3207644      -0.39071523E-03   0.49477327E-06    129991.00        0.0000000
  11187.790       0.92826348       0.92826348      -0.10259587        1.3221025      -0.38335027E-03  -0.19165108E-06    129481.00        0.0000000
  11196.910       0.92498422       0.92498422      -0.10607743        1.3234676      -0.39423203E-03  -0.16891282E-05    128873.00        0.0000000
  11206.110       0.92104115       0.92104115      -0.10958952        1.3248880      -0.41429510E-03   0.39605870E-06    128504.00        0.0000000
  11215.390       0.91732805       0.91732805      -0.11313215        1.3263649      -0.38691286E-03   0.82443761E-06    127800.00        0.0000000
  11224.550       0.91390648       0.91390648      -0.11662898        1.3278661      -0.39909247E-03  -0.70570451E-06    128189.00        0.0000000
  11233.860       0.90995681       0.90995681      -0.12018306        1.3294361      -0.39994722E-03   0.11664805E-05    127793.00        0.0000000
  11243.120       0.90647946       0.90647946      -0.12371806        1.3310419      -0.37743093E-03   0.11771941E-05    127389.00        0.0000000
  11252.470       0.90293282       0.90293282      -0.12728742        1.3327081      -0.37803964E-03  -0.79110921E-07    126975.00        0.0000000
  11261.690       0.89945926       0.89945926      -0.13080715        1.3343951      -0.37890002E-03  -0.47918892E-06    126606.00        0.0000000
  11271.060       0.89588907       0.89588907      -0.13438414        1.3361544      -0.38694776E-03  -0.14015566E-06    126145.00        0.0000000
  11280.390       0.89222334       0.89222334      -0.13794586        1.3379510      -0.38152093E-03   0.52967749E-06    125537.00        0.0000000
  11289.790       0.88874318       0.88874318      -0.14153430        1.3398063      -0.37702690E-03   0.52314992E-06    125687.00        0.0000000
  11299.150       0.88515031       0.88515031      -0.14510747        1.3416990      -0.37170664E-03  -0.17494277E-06    125212.00        0.0000000
  11308.590       0.88175510       0.88175510      -0.14871119        1.3436534      -0.38031583E-03  -0.45173151E-06    125075.00        0.0000000
  11318.040       0.87796615       0.87796615      -0.15231872        1.3456558      -0.38023985E-03   0.10882478E-05    124845.00        0.0000000
  11327.510       0.87456096       0.87456096      -0.15593388        1.3477085      -0.35972618E-03   0.12452114E-05    124423.00        0.0000000
  11337.000       0.87114574       0.87114574      -0.15955668        1.3498118      -0.35663064E-03  -0.89474122E-06    123951.00        0.0000000
  11346.440       0.86780994       0.86780994      -0.16316040        1.3519500      -0.37666363E-03  -0.10363290E-05    121771.00        0.0000000
  11355.960       0.86400420       0.86400420      -0.16679465        1.3541528      -0.37627943E-03   0.12516082E-05    125788.00        0.0000000
  11365.490       0.86064182       0.86064182      -0.17043272        1.3564045      -0.35282049E-03   0.24615887E-05    124252.00        0.0000000
